 vmax offset (arcsec) optical radius (arcsec) distance (Mpc) phi1 phi2 phi3
 115.00    1.00   33.70   63.07     0.00000e+00     0.00000e+00     0.00000e+00
  95.00    0.00   58.20   32.58     0.00000e+00     0.00000e+00     0.00000e+00
 183.00    0.00   36.40   54.08     9.45353e-08     9.45353e-08     9.45353e-08
 179.00    0.00   31.70   89.78     0.00000e+00     0.00000e+00     1.33130e-09
 190.00    0.00   46.40   55.14     0.00000e+00     0.00000e+00     0.00000e+00
 190.00    0.00   34.40   53.15     0.00000e+00     0.00000e+00     0.00000e+00
 227.00    3.00   37.90   81.97     0.00000e+00     0.00000e+00     0.00000e+00
 210.00    0.50   55.00   52.79     0.00000e+00     1.72959e-07     1.72959e-07
 114.00    3.00   30.30   55.20     2.79626e-07     2.79626e-07     2.79626e-07
  83.00    0.50   33.20   54.64     0.00000e+00     0.00000e+00     0.00000e+00
 117.00    3.00   33.40   52.14     0.00000e+00     4.93707e-07     4.93707e-07
 122.00    1.50   32.90   73.13     0.00000e+00     0.00000e+00     0.00000e+00
 162.00    0.00   37.90   69.18     0.00000e+00     0.00000e+00     1.16495e-08
 135.00    0.00   41.00   44.18     0.00000e+00     0.00000e+00     0.00000e+00
 166.00    1.00   29.30   52.52     0.00000e+00     0.00000e+00     0.00000e+00
 145.00    0.00   31.10   81.38     0.00000e+00     0.00000e+00     0.00000e+00
 208.00    0.00   71.00   33.92     4.38837e-07     4.38837e-07     4.38837e-07
 214.00    0.00   43.00   46.76     4.47816e-08     4.47816e-08     4.47816e-08
 127.00    1.00   41.90   37.37     1.72171e-07     1.72171e-07     1.72171e-07
 175.00    2.00   37.20   41.17     9.35238e-08     9.35238e-08     9.35238e-08
 155.00    0.00   32.30   79.40     0.00000e+00     0.00000e+00     0.00000e+00
 112.00    1.00   35.50   51.07     0.00000e+00     0.00000e+00     0.00000e+00
 167.00    1.00   36.30   60.38     1.94460e-05     1.94460e-05     1.94460e-05
 122.00    2.00   24.60   68.43     0.00000e+00     0.00000e+00     0.00000e+00
  90.00    0.00   25.30   70.48     1.58045e-08     3.24001e-08     3.24001e-08
 170.00    0.00   32.50   71.22     0.00000e+00     0.00000e+00     0.00000e+00
 145.00    4.00   72.50   17.97     0.00000e+00     0.00000e+00     5.94837e-11
 152.00    2.00   35.80   69.52     0.00000e+00     0.00000e+00     0.00000e+00
 206.00    0.00   28.00   76.75     7.23378e-08     7.23378e-08     3.21017e-07
 177.00    0.00   37.20   65.80     0.00000e+00     0.00000e+00     0.00000e+00
 138.00    6.00   48.80   47.17     0.00000e+00     0.00000e+00     0.00000e+00
 226.00    0.00   53.10   40.76     0.00000e+00     0.00000e+00     0.00000e+00
 146.00    0.00   78.10   19.06     0.00000e+00     0.00000e+00     0.00000e+00
 232.00    0.00   53.70   43.67     1.93360e-07     1.93360e-07     1.93360e-07
 100.00    0.00   44.10   42.26     1.14696e-07     1.14696e-07     1.14696e-07
 160.00    1.00   42.30   41.55     0.00000e+00     0.00000e+00     0.00000e+00
 151.00    0.00   42.60   45.47     1.31216e-07     1.31216e-07     1.31216e-07
 129.00    3.00   40.60   35.34     0.00000e+00     0.00000e+00     0.00000e+00
 108.00    5.00   51.30   23.02     0.00000e+00     0.00000e+00     0.00000e+00
  90.00    0.00   34.90   62.30     0.00000e+00     0.00000e+00     0.00000e+00
  80.00    3.00   51.80   39.33     0.00000e+00     0.00000e+00     0.00000e+00
 206.00    0.00   32.30   47.97     0.00000e+00     0.00000e+00     8.67899e-09
 100.00    1.00   73.00   20.47     0.00000e+00     0.00000e+00     0.00000e+00
 111.00    1.00   42.00   45.25     0.00000e+00     1.02254e-08     1.02254e-08
 103.00    0.00   30.90   40.20     0.00000e+00     1.53439e-08     1.53439e-08
 238.00    0.50   50.00   56.90     0.00000e+00     0.00000e+00     8.38450e-09
 100.00    1.00   37.70   46.98     0.00000e+00     0.00000e+00     9.17659e-08
 275.00    0.00   59.20   55.66     1.46777e-06     1.46777e-06     1.46777e-06
 282.00    3.00   40.20   60.94     0.00000e+00     4.13322e-07     4.13322e-07
 228.00    0.00   68.70   44.00     0.00000e+00     0.00000e+00     9.37670e-09
 181.00    0.00   45.40   58.68     1.62390e-06     1.62390e-06     1.63589e-06
  45.00    2.00   30.30   53.28     8.32731e-07     8.32731e-07     8.47631e-07
 224.00    0.00   61.30   29.63     5.17122e-06     5.17122e-06     5.17122e-06
  90.00    0.00   43.70   41.36     0.00000e+00     0.00000e+00     0.00000e+00
  84.00    2.00   31.40   49.52     0.00000e+00     1.95928e-08     1.95928e-08
 165.00    0.00   46.50   39.65     0.00000e+00     0.00000e+00     0.00000e+00
 203.00    0.00   34.70   55.55     0.00000e+00     0.00000e+00     0.00000e+00
 108.00    5.00   34.40   41.28     0.00000e+00     0.00000e+00     0.00000e+00
 180.00    1.00   32.60   69.30     3.92778e-08     3.92778e-08     3.92778e-08
 197.00    3.00   38.30  113.77     0.00000e+00     0.00000e+00     0.00000e+00
 109.00    2.00   92.00   16.08     1.61095e-10     1.61095e-10     1.61095e-10
  54.00    0.00   52.70   15.38     7.81736e-07     7.81736e-07     7.81736e-07
 183.00    2.00   36.40   57.95     0.00000e+00     0.00000e+00     0.00000e+00
  93.00    0.00   33.10   36.47     0.00000e+00     0.00000e+00     0.00000e+00
 198.00    0.50   48.80   46.01     0.00000e+00     0.00000e+00     0.00000e+00
 141.00    2.00   40.40   36.27     0.00000e+00     0.00000e+00     0.00000e+00
 219.00    0.00   65.60   68.25     0.00000e+00     0.00000e+00     0.00000e+00
 125.00    0.00   47.30   32.02     0.00000e+00     0.00000e+00     0.00000e+00
 270.00    1.00   52.80   94.82     0.00000e+00     0.00000e+00     0.00000e+00
 113.00    2.00   36.50   47.62     2.70404e-07     2.70404e-07     2.70404e-07
  90.00    1.00   31.80   56.04     0.00000e+00     0.00000e+00     7.72676e-09
 234.00    0.00   46.40   80.27     0.00000e+00     1.52387e-07     1.52387e-07
 161.00    0.00   34.20   52.33     3.97835e-07     3.97835e-07     3.97835e-07
  80.00    1.00   48.60   32.35     1.27858e-08     1.27858e-08     1.27858e-08
 170.00    0.00   44.50   45.82     0.00000e+00     1.52081e-07     1.52081e-07
 242.00    2.30   61.60   46.46     0.00000e+00     1.20189e-07     1.20189e-07
 188.00    0.00   44.70   69.82     2.71152e-08     2.71152e-08     2.71152e-08
 121.00    0.00   29.10   62.73     1.04028e-07     1.04028e-07     1.04028e-07
 176.00    0.00   31.30   63.13     9.44453e-08     9.44453e-08     9.44453e-08
 155.00    1.00   29.70   73.75     0.00000e+00     8.79472e-07     1.12637e-06
 155.00    1.50   32.30   79.47     0.00000e+00     0.00000e+00     2.12690e-07
 114.00    0.00   32.10   60.25     0.00000e+00     7.05185e-07     7.05185e-07
 133.00    0.00   32.40   54.88     1.66121e-06     1.66121e-06     1.66121e-06
 192.00    0.00   37.40   74.72     2.42521e-08     2.42521e-08     2.42521e-08
  81.00    0.00   30.80   52.93     0.00000e+00     0.00000e+00     0.00000e+00
 141.00    1.00   36.50   63.23     0.00000e+00     0.00000e+00     9.91108e-10
 105.00    0.50   42.00   59.98     0.00000e+00     0.00000e+00     0.00000e+00
 121.00    1.00   34.40   59.82     0.00000e+00     0.00000e+00     0.00000e+00
 116.00    2.00   42.20   40.68     0.00000e+00     0.00000e+00     0.00000e+00
 172.00    1.00   29.00   77.80     0.00000e+00     1.11483e-07     1.11483e-07
 157.00    1.50   42.20   74.98     2.37360e-07     2.37360e-07     2.37360e-07
 137.00    1.00   34.10   57.62     0.00000e+00     0.00000e+00     0.00000e+00
 105.00    0.00  137.30   18.14     0.00000e+00     9.15422e-11     9.15422e-11
 134.00    0.00   29.50   52.07     0.00000e+00     0.00000e+00     0.00000e+00
 118.00    2.00   51.40   23.83     0.00000e+00     0.00000e+00     0.00000e+00
 125.00    2.00   31.70   56.52     0.00000e+00     6.00079e-10     6.00079e-10
  65.00    0.00   39.90   14.12     0.00000e+00     0.00000e+00     0.00000e+00
 155.00    2.00   42.60   52.58     0.00000e+00     0.00000e+00     0.00000e+00
 106.00    0.50   43.40   31.43     0.00000e+00     7.09952e-08     7.09952e-08
  70.00    0.00   39.00   29.58     1.61355e-07     1.61355e-07     1.61355e-07
 140.00    1.00   32.10   47.80     0.00000e+00     0.00000e+00     0.00000e+00
 181.00    1.00   33.30   68.68     1.19137e-08     1.19137e-08     1.19137e-08
 196.00    0.00   51.50   63.73     0.00000e+00     3.97281e-09     3.97281e-09
 335.00    0.00   51.30   69.60     0.00000e+00     0.00000e+00     8.32120e-09
 107.00    2.00   54.60   34.42     0.00000e+00     0.00000e+00     0.00000e+00
 160.00    0.00   45.60   36.72     1.93599e-07     1.93599e-07     1.93599e-07
 154.00    2.50   31.70   40.85     4.49839e-07     4.49839e-07     4.49839e-07
 120.00   12.00   87.40   35.08     3.49222e-07     3.49222e-07     3.49222e-07
 126.00    1.00   42.90   67.75     0.00000e+00     0.00000e+00     4.05592e-08
 189.00    0.00   40.10   64.50     0.00000e+00     0.00000e+00     0.00000e+00
 230.00    0.00   40.30   69.40     5.09219e-10     5.09219e-10     5.09219e-10
 216.00    0.00   48.10   43.40     0.00000e+00     0.00000e+00     0.00000e+00
 113.00    3.50   32.50   52.92     0.00000e+00     0.00000e+00     0.00000e+00
 100.00    0.00   30.70   59.02     0.00000e+00     0.00000e+00     0.00000e+00
  70.00    0.00   35.50   34.42     2.37487e-06     2.37487e-06     2.37487e-06
 116.00    0.00   41.70   41.33     1.78510e-06     1.78510e-06     1.78510e-06
 267.00    0.00   56.90   55.36     0.00000e+00     0.00000e+00     0.00000e+00
  88.00    0.00   33.40   35.55     4.68798e-06     4.68798e-06     4.68798e-06
  61.00    7.00   44.90   27.91     5.31711e-07     5.31711e-07     5.31711e-07
 123.00    0.00   39.00   65.35     0.00000e+00     0.00000e+00     8.81907e-08
 138.00    0.00   28.30   71.37     1.09793e-06     1.12882e-06     1.12882e-06
 155.00    1.00   20.80   69.68     4.61093e-08     1.89865e-07     1.89865e-07
 196.00    0.00   30.80   81.25     0.00000e+00     0.00000e+00     0.00000e+00
 158.00    0.00   32.70   47.38     0.00000e+00     0.00000e+00     0.00000e+00
  85.00    1.00   34.90   75.10     0.00000e+00     0.00000e+00     0.00000e+00
 180.00    0.00   33.60   71.40     0.00000e+00     0.00000e+00     0.00000e+00
  87.00    0.00   44.80   34.30     0.00000e+00     0.00000e+00     0.00000e+00
 209.00    0.00   31.80   80.83     0.00000e+00     0.00000e+00     0.00000e+00
  75.00    0.00   48.40   40.42     0.00000e+00     0.00000e+00     0.00000e+00
 168.00    0.00   36.90   87.88     0.00000e+00     0.00000e+00     0.00000e+00
 235.00    1.00   81.40   42.40     2.24162e-06     2.24162e-06     2.24162e-06
 143.00    0.50   33.90   45.23     1.10716e-06     1.10716e-06     1.10716e-06
 230.00    0.00   38.50   77.80     0.00000e+00     0.00000e+00     0.00000e+00
  83.00    1.00   38.60   43.90     0.00000e+00     0.00000e+00     0.00000e+00
 144.00    0.00   35.10   92.40     1.36899e-04     1.36899e-04     1.36899e-04
 174.00    0.00   25.50   87.25     0.00000e+00     0.00000e+00     6.97555e-09
 242.00    0.00   40.00   92.60     0.00000e+00     0.00000e+00     4.13822e-08
 160.00    0.00   29.90   74.45     0.00000e+00     0.00000e+00     0.00000e+00
 181.00    1.00   40.40   80.57     0.00000e+00     0.00000e+00     0.00000e+00
 186.00    1.00  160.60   17.63     4.05309e-07     4.05309e-07     4.05309e-07
  50.00    3.00   33.40   23.10     4.92063e-07     4.92063e-07     4.92063e-07
 125.00    0.00   38.10   69.85     0.00000e+00     0.00000e+00     0.00000e+00
 261.00    0.00   45.10   57.07     0.00000e+00     0.00000e+00     0.00000e+00
 230.00    2.00   35.10   59.37     0.00000e+00     1.39937e-08     1.39937e-08
 138.00    1.00   24.20   90.50     0.00000e+00     0.00000e+00     0.00000e+00
 110.00    1.00   53.00   35.28     0.00000e+00     0.00000e+00     0.00000e+00
 264.00    1.00   42.40   74.00     5.77563e-08     5.77563e-08     5.77563e-08
 139.00    2.00   43.10   43.32     0.00000e+00     0.00000e+00     0.00000e+00
 161.00    0.00   34.10   67.22     0.00000e+00     0.00000e+00     0.00000e+00
  78.00    1.00   33.80   44.19     0.00000e+00     0.00000e+00     0.00000e+00
 114.00    3.00   26.60   55.45     0.00000e+00     0.00000e+00     0.00000e+00
 200.00    1.50   32.50   64.52     0.00000e+00     0.00000e+00     0.00000e+00
 225.00    0.00   25.90   77.83     0.00000e+00     0.00000e+00     0.00000e+00
 231.00    0.00   24.40  112.78     0.00000e+00     0.00000e+00     3.18209e-09
 222.00    0.00   36.10   76.15     0.00000e+00     0.00000e+00     0.00000e+00
 149.00    7.00   63.40   45.66     0.00000e+00     1.31924e-08     1.47064e-08
 189.00    2.00   84.20   25.51     0.00000e+00     5.64401e-07     5.64401e-07
  94.00    0.00   34.40   40.64     0.00000e+00     7.79973e-06     1.29739e-05
 132.00    3.00   35.20   45.56     0.00000e+00     2.68917e-09     1.05041e-06
 268.00    0.00   56.10   70.95     0.00000e+00     0.00000e+00     0.00000e+00
 146.00    0.00   36.90   45.06     1.81955e-06     2.10462e-06     2.13452e-06
 123.00    2.00   46.00   45.38     0.00000e+00     9.67355e-08     9.67355e-08
 125.00    0.00   29.50   70.60     0.00000e+00     0.00000e+00     0.00000e+00
 184.00    0.00   22.50  104.68     0.00000e+00     0.00000e+00     0.00000e+00
 200.00    1.00   28.50   70.43     0.00000e+00     0.00000e+00     0.00000e+00
 166.00    1.00   57.40   31.00     0.00000e+00     0.00000e+00     0.00000e+00
 165.00    0.00   53.90   37.38     0.00000e+00     0.00000e+00     3.25379e-08
  45.00    0.00   50.20   21.05     0.00000e+00     0.00000e+00     0.00000e+00
 130.00    0.00   20.60   63.48     0.00000e+00     4.88225e-08     4.88225e-08
 242.00    0.00   55.00   70.07     0.00000e+00     0.00000e+00     0.00000e+00
 200.00    0.00   26.00   67.58     0.00000e+00     0.00000e+00     0.00000e+00
 197.00    1.00   44.20   55.25     0.00000e+00     0.00000e+00     0.00000e+00
 101.00    1.00   26.70   65.85     0.00000e+00     0.00000e+00     0.00000e+00
 170.00    1.00   53.00   85.05     2.80613e-07     2.80613e-07     2.80613e-07
 150.00    0.00   30.20   58.47     0.00000e+00     0.00000e+00     0.00000e+00
 138.00    2.00   60.80   33.40     0.00000e+00     8.08787e-07     8.28783e-07
 165.00    0.00   45.00   60.47     0.00000e+00     0.00000e+00     0.00000e+00
 117.00    1.00   77.20   52.17     0.00000e+00     0.00000e+00     0.00000e+00
 245.00    0.00   33.90   72.25     0.00000e+00     0.00000e+00     0.00000e+00
 240.00    0.00   31.80  121.85     0.00000e+00     0.00000e+00     0.00000e+00
 103.00    0.00   49.20   33.14     0.00000e+00     0.00000e+00     0.00000e+00
 178.00    0.00   29.40   62.41     0.00000e+00     4.07107e-07     5.84048e-07
 313.00    2.00   50.30  107.13     0.00000e+00     0.00000e+00     0.00000e+00
 176.00    1.50   60.70   33.53     0.00000e+00     0.00000e+00     7.23157e-08
 109.00    0.00   53.50   37.36     0.00000e+00     0.00000e+00     0.00000e+00
 154.00    0.00   38.20   40.09     0.00000e+00     0.00000e+00     0.00000e+00
 169.00    0.00   38.20   78.58     2.40932e-09     2.40932e-09     4.05302e-08
 189.00    1.00   52.00   23.61     1.37046e-08     4.39710e-08     4.39710e-08
  78.00    0.00   40.50   27.46     1.49835e-08     1.49835e-08     1.49835e-08
 200.00    2.00   27.70   83.33     2.39878e-07     2.39878e-07     2.39878e-07
 268.00    1.00   41.10   85.72     6.42455e-07     6.42455e-07     6.42455e-07
 158.00    3.00   36.70   73.73     1.13704e-07     1.13704e-07     1.13704e-07
 276.00    0.00   38.00   73.98     2.51900e-08     2.51900e-08     2.51900e-08
 240.00    0.00   30.20   72.98     3.72869e-07     3.72869e-07     3.72869e-07
 142.00    1.00   30.10   63.20     0.00000e+00     0.00000e+00     0.00000e+00
 148.00    0.50   40.90   64.22     0.00000e+00     0.00000e+00     0.00000e+00
 135.00    0.00   53.10   64.67     0.00000e+00     0.00000e+00     0.00000e+00
 185.00    0.00   37.40   63.27     0.00000e+00     7.56122e-08     7.56122e-08
 153.00    0.00   59.30   61.50     1.44283e-06     1.44283e-06     1.44283e-06
 163.00    1.00   42.70   60.57     1.31142e-06     1.31142e-06     1.31142e-06
 300.00    0.00   44.20  107.12     0.00000e+00     0.00000e+00     0.00000e+00
  61.00    1.50   82.30   19.39     3.08992e-06     3.82015e-06     3.82015e-06
 258.00    0.00   44.90   68.55     0.00000e+00     0.00000e+00     0.00000e+00
 200.00    0.00   30.90   71.73     0.00000e+00     0.00000e+00     0.00000e+00
 143.00    0.00   30.20   64.98     0.00000e+00     0.00000e+00     0.00000e+00
 108.00    0.00   36.60   58.73     0.00000e+00     0.00000e+00     0.00000e+00
 175.00    0.60   61.60   43.98     0.00000e+00     0.00000e+00     0.00000e+00
 161.00    0.00   25.90   74.40     0.00000e+00     0.00000e+00     0.00000e+00
 230.00    1.00   26.10   84.03     0.00000e+00     0.00000e+00     0.00000e+00
  85.00    0.00   34.10   27.10     0.00000e+00     0.00000e+00     0.00000e+00
 177.00    1.00   26.00  102.24     0.00000e+00     0.00000e+00     0.00000e+00
 210.00    0.00   34.70   63.55     0.00000e+00     0.00000e+00     0.00000e+00
 225.00    6.00   33.20   92.65     0.00000e+00     0.00000e+00     8.05670e-09
 228.00    0.00   37.30   75.67     0.00000e+00     0.00000e+00     0.00000e+00
 198.00    1.50   46.30   39.00     0.00000e+00     0.00000e+00     9.58159e-08
 115.00    1.00   44.40   38.08     0.00000e+00     3.60882e-07     3.64846e-07
  78.00    0.00   27.40   46.76     0.00000e+00     0.00000e+00     0.00000e+00
 196.00    0.00   31.40   63.17     0.00000e+00     0.00000e+00     0.00000e+00
 125.00    0.50   30.10   74.60     0.00000e+00     0.00000e+00     0.00000e+00
 238.00    0.00   54.70   43.90     3.02891e-07     3.02891e-07     3.06354e-07
 158.00    0.00   49.10   45.33     0.00000e+00     1.13909e-07     1.13909e-07
 119.00    0.00   33.20   41.86     3.43569e-08     3.43569e-08     3.43569e-08
 138.00    0.00   30.90   85.88     0.00000e+00     0.00000e+00     0.00000e+00
  35.00    3.00   31.50   32.60     0.00000e+00     0.00000e+00     0.00000e+00
 150.00    0.00   44.00   34.32     1.79525e-05     1.79525e-05     1.79525e-05
 128.00    3.00   33.50   36.58     2.06760e-05     2.06760e-05     2.06760e-05
 112.00    0.00   31.50   47.77     4.30946e-05     4.30946e-05     4.30946e-05
 149.00    1.00   39.50   46.25     5.29606e-05     5.29606e-05     5.29774e-05
 208.00    2.00   47.40   59.85     8.57714e-06     8.58247e-06     8.58247e-06
 160.00    0.00   41.60   42.14     1.03297e-04     1.03324e-04     1.03553e-04
  89.00    1.00   38.00   39.78     1.11890e-03     1.11893e-03     1.11919e-03
 201.00    0.00   41.90   49.57     5.25491e-05     5.25491e-05     5.28324e-05
 110.00    1.00   34.10   38.78     4.85223e-05     4.88714e-05     4.88911e-05
 142.00    0.00   37.60   43.24     3.81261e-05     3.84203e-05     3.84203e-05
 112.00    0.00   45.30   40.48     4.55653e-05     4.60039e-05     4.60039e-05
  90.00    0.00   25.20   65.88     0.00000e+00     0.00000e+00     0.00000e+00
  88.00    1.00   35.00   21.95     0.00000e+00     0.00000e+00     0.00000e+00
 116.00    1.00   30.50   67.30     0.00000e+00     0.00000e+00     0.00000e+00
 205.00    0.00   41.00   60.27     0.00000e+00     0.00000e+00     3.51813e-08
 230.00    2.00   21.10  113.52     0.00000e+00     0.00000e+00     3.05330e-08
  96.00    0.00   31.70   49.53     0.00000e+00     0.00000e+00     5.01453e-10
 212.00    0.00   39.70   61.77     0.00000e+00     0.00000e+00     3.65036e-08
  85.00    2.00   68.70   17.98     0.00000e+00     0.00000e+00     0.00000e+00
 214.00    0.50   37.70   79.85     0.00000e+00     0.00000e+00     0.00000e+00
 247.00    2.00   35.60   51.60     0.00000e+00     0.00000e+00     0.00000e+00
 115.00    0.00   39.80   61.62     0.00000e+00     0.00000e+00     0.00000e+00
 176.00    0.00   27.40   55.68     0.00000e+00     0.00000e+00     0.00000e+00
 200.00    2.00   42.20   64.03     0.00000e+00     0.00000e+00     0.00000e+00
 221.00    0.00   37.90   64.68     0.00000e+00     0.00000e+00     0.00000e+00
 161.00    1.00   32.10   78.30     0.00000e+00     0.00000e+00     0.00000e+00
 190.00    2.00   38.30   65.65     0.00000e+00     0.00000e+00     0.00000e+00
 126.00    0.00   38.40   68.22     0.00000e+00     0.00000e+00     0.00000e+00
 149.00    1.00   36.60   67.15     0.00000e+00     0.00000e+00     7.59962e-07
 215.00    0.50   40.20   74.63     1.49123e-07     1.49123e-07     1.49123e-07
 260.00    0.00   40.80   71.72     0.00000e+00     0.00000e+00     0.00000e+00
 185.00    5.00   44.50   71.53     0.00000e+00     9.16543e-07     9.16543e-07
  92.00    1.00   24.50   44.65     0.00000e+00     0.00000e+00     0.00000e+00
 156.00    1.00   51.80   54.38     0.00000e+00     0.00000e+00     0.00000e+00
 131.00    2.00   34.30   64.07     1.48404e-07     1.48404e-07     1.59124e-07
  88.00    0.00   30.90   71.22     0.00000e+00     0.00000e+00     2.27676e-08
 180.00    0.00   31.50   66.87     0.00000e+00     0.00000e+00     0.00000e+00
 110.00    0.00   40.50   34.92     0.00000e+00     0.00000e+00     0.00000e+00
 101.00    1.00   43.60   42.60     0.00000e+00     0.00000e+00     0.00000e+00
 119.00    2.00  110.20   16.68     2.08423e-06     2.12664e-06     2.12664e-06
 183.00    2.00   53.30   25.27     4.82808e-08     4.82808e-08     4.82808e-08
 135.00    4.00   80.80   20.96     5.60046e-08     5.60046e-08     5.60046e-08
 293.00    0.00   51.50   91.75     0.00000e+00     0.00000e+00     0.00000e+00
 203.00    1.00   25.70   94.70     0.00000e+00     0.00000e+00     0.00000e+00
 132.00    3.00   85.10   22.68     0.00000e+00     0.00000e+00     0.00000e+00
  98.00    6.00   24.00   53.38     0.00000e+00     0.00000e+00     0.00000e+00
 232.00    0.00  131.70   19.22     3.38825e-07     3.38825e-07     3.38825e-07
  85.00    0.00   22.50   86.38     0.00000e+00     0.00000e+00     0.00000e+00
 128.00    0.00   27.50   73.42     0.00000e+00     0.00000e+00     0.00000e+00
  97.00    0.00   31.50   46.62     0.00000e+00     0.00000e+00     0.00000e+00
 202.00    0.00   28.90   81.32     9.52840e-09     9.52840e-09     9.52840e-09
 137.00    1.00   34.20   53.10     0.00000e+00     0.00000e+00     0.00000e+00
 190.00    1.00   42.90   48.73     0.00000e+00     0.00000e+00     0.00000e+00
 227.00    0.00   35.50  111.70     0.00000e+00     0.00000e+00     0.00000e+00
 150.00    0.00   27.40   90.90     0.00000e+00     0.00000e+00     0.00000e+00
 249.00    0.00   24.80   62.22     0.00000e+00     0.00000e+00     0.00000e+00
 140.00    5.00   37.70   49.28     0.00000e+00     7.11826e-08     7.11826e-08
 105.00    0.00   23.90   71.10     4.57239e-07     6.26045e-07     6.26045e-07
 140.00    0.00   30.80   66.12     0.00000e+00     6.35458e-09     6.35458e-09
 182.00    1.00   32.10   71.77     0.00000e+00     1.01241e-07     1.01241e-07
 206.00    0.00   34.60   49.93     0.00000e+00     0.00000e+00     0.00000e+00
 219.00    0.00   33.40   72.43     0.00000e+00     0.00000e+00     0.00000e+00
 120.00    1.00   36.20   28.88     0.00000e+00     0.00000e+00     0.00000e+00
 218.00    0.00   46.90   78.48     0.00000e+00     0.00000e+00     0.00000e+00
  50.00    0.00   43.00   20.85     0.00000e+00     0.00000e+00     0.00000e+00
  78.00    0.00   38.60   21.39     0.00000e+00     1.37095e-06     1.37095e-06
 110.00    1.00   43.70   19.72     1.84490e-06     3.42387e-06     3.42387e-06
 127.00    0.00   29.10   62.75     0.00000e+00     0.00000e+00     0.00000e+00
 292.00    0.00  161.00   18.06     1.11753e-05     1.11753e-05     1.11753e-05
 139.00    0.00   69.90   19.13     1.49869e-05     1.49869e-05     1.49869e-05
 127.00    0.00  130.30   18.90     9.31494e-06     9.31494e-06     9.31494e-06
  74.00   11.00   61.70   20.93     6.51844e-06     6.51844e-06     6.51844e-06
  95.00    2.00   57.10   17.52     3.63646e-06     4.44081e-06     4.46299e-06
 211.00    1.50   43.90   64.45     0.00000e+00     0.00000e+00     0.00000e+00
 129.00    0.00   30.00   68.38     0.00000e+00     0.00000e+00     0.00000e+00
 132.00    1.00   72.50   18.36     4.32295e-07     4.32295e-07     4.32295e-07
 100.00    8.00   73.30   29.17     0.00000e+00     0.00000e+00     0.00000e+00
 194.00    0.00   41.30   86.03     0.00000e+00     0.00000e+00     0.00000e+00
 193.00    0.00   27.70   82.15     0.00000e+00     0.00000e+00     0.00000e+00
 128.00    1.00   31.50   59.18     0.00000e+00     0.00000e+00     0.00000e+00
  99.00    0.00   25.90   32.22     0.00000e+00     0.00000e+00     0.00000e+00
  77.00    0.00   42.20   31.87     0.00000e+00     0.00000e+00     1.15380e-07
 103.00    0.00   34.40   43.85     0.00000e+00     0.00000e+00     0.00000e+00
 136.00    1.00   40.30   36.40     0.00000e+00     3.10963e-07     3.78246e-07
 169.00    2.00   67.80   31.39     0.00000e+00     0.00000e+00     0.00000e+00
 135.00    2.00   34.90   34.94     6.50670e-07     7.84852e-07     7.84852e-07
 122.00    1.00   38.50   37.00     5.87848e-07     1.02189e-06     1.02189e-06
 257.00    1.00   30.20  113.38     0.00000e+00     0.00000e+00     0.00000e+00
 135.00    2.00   33.00   32.67     0.00000e+00     2.45951e-07     2.45951e-07
 118.00    5.00   70.40   33.68     5.27289e-07     5.27289e-07     5.27289e-07
 182.00    0.00   57.50   31.62     0.00000e+00     0.00000e+00     0.00000e+00
  61.00    2.00   44.00   26.07     0.00000e+00     0.00000e+00     9.51713e-09
 266.00    0.00  106.90   33.96     5.30177e-06     5.30177e-06     5.35951e-06
 120.00    2.00   60.70   39.86     1.62062e-06     4.31308e-06     4.38851e-06
 155.00    3.50   52.00   44.67     7.13797e-06     7.13797e-06     7.19924e-06
 183.00    5.00   38.00   42.30     5.69908e-06     5.69908e-06     5.85171e-06
 130.00    3.00   25.90   44.70     9.30781e-06     9.30781e-06     9.42218e-06
  45.00    0.00   33.90   25.58     0.00000e+00     0.00000e+00     0.00000e+00
 203.00    0.00   37.70   51.96     2.31614e-07     3.50783e-06     3.50783e-06
 200.00    1.00   56.30   39.48     8.34954e-07     8.34954e-07     8.34954e-07
 185.00    0.00   46.80   40.33     1.26061e-06     1.26061e-06     1.26061e-06
 149.00    0.00   73.30   27.27     0.00000e+00     0.00000e+00     0.00000e+00
 177.00    0.00   48.00   44.64     5.62937e-08     5.62937e-08     3.18740e-07
 119.00    0.00   36.80   51.88     9.81687e-09     9.81687e-09     9.81687e-09
 169.00    2.30   56.70   38.65     0.00000e+00     0.00000e+00     7.05917e-08
 151.00    1.00   42.80   55.90     0.00000e+00     0.00000e+00     0.00000e+00
 173.00    2.00   34.10   52.90     0.00000e+00     9.86959e-09     1.30324e-08
 222.00    2.00   61.10   41.12     2.41325e-08     2.41325e-08     2.41325e-08
  56.00    0.00   35.00   24.05     0.00000e+00     0.00000e+00     0.00000e+00
 109.00    0.00   47.60   37.06     0.00000e+00     1.01980e-08     1.01980e-08
 172.00    1.00   40.70   53.47     3.47419e-08     3.47419e-08     3.47419e-08
  40.00    4.00   41.80   24.88     0.00000e+00     0.00000e+00     0.00000e+00
 230.00    3.00   32.00   76.15     4.27531e-07     4.27531e-07     4.27531e-07
 243.00    2.00   37.00  113.17     0.00000e+00     0.00000e+00     2.15569e-08
  73.00    2.00   44.00   33.88     0.00000e+00     0.00000e+00     2.73436e-09
  63.00    0.00   39.90   30.00     0.00000e+00     3.92300e-09     3.92300e-09
 292.00    0.00   41.00   92.07     0.00000e+00     0.00000e+00     0.00000e+00
 187.00    0.00   32.30   70.17     0.00000e+00     0.00000e+00     0.00000e+00
 235.00    0.00   67.60  104.85     0.00000e+00     0.00000e+00     0.00000e+00
 107.00    0.00   27.60   55.30     1.28104e-05     2.00244e-05     2.05755e-05
 168.00    0.00   39.10   56.86     0.00000e+00     6.73985e-06     7.79854e-06
 110.00    0.00   32.80   48.66     0.00000e+00     0.00000e+00     0.00000e+00
 133.00    4.00   40.10   52.96     2.84447e-07     2.84447e-07     2.84447e-07
 293.00    0.00   38.00  107.82     1.00018e-06     1.00018e-06     1.00018e-06
 188.00    0.00   21.20  101.40     0.00000e+00     4.40504e-07     4.40504e-07
 153.00    0.00   34.70   55.92     0.00000e+00     0.00000e+00     0.00000e+00
 243.00    0.00   30.90   70.78     0.00000e+00     0.00000e+00     0.00000e+00
 160.00    1.00   25.10   82.55     0.00000e+00     0.00000e+00     0.00000e+00
 237.00    0.50   62.30   56.05     0.00000e+00     4.46138e-08     4.46138e-08
 247.00    0.00   41.70   54.43     0.00000e+00     0.00000e+00     9.07215e-09
 146.00    2.00   36.30   63.85     0.00000e+00     0.00000e+00     0.00000e+00
 166.00    1.00   39.40   74.33     3.34446e-06     3.34446e-06     3.34446e-06
 215.00    1.00   28.30   72.98     0.00000e+00     1.25172e-07     1.62763e-06
 140.00    1.00   41.10   61.60     0.00000e+00     0.00000e+00     0.00000e+00
 195.00    2.00   55.60   38.77     2.67959e-07     2.67959e-07     2.67959e-07
 132.00    0.00   27.40   75.92     0.00000e+00     0.00000e+00     0.00000e+00
 125.00    0.50   55.90   56.33     0.00000e+00     0.00000e+00     0.00000e+00
 182.00    0.00   40.00   68.08     0.00000e+00     0.00000e+00     0.00000e+00
 233.00    5.00   40.50   70.95     0.00000e+00     0.00000e+00     0.00000e+00
 205.00    0.00   27.00   73.08     0.00000e+00     0.00000e+00     0.00000e+00
  80.00    0.00   34.00   31.00     0.00000e+00     6.36434e-08     6.36434e-08
  55.00   12.00   47.80   26.22     4.45849e-07     5.02883e-07     5.02883e-07
 120.00    3.00   33.70   55.78     0.00000e+00     0.00000e+00     0.00000e+00
 139.00    1.00   36.60   58.03     0.00000e+00     0.00000e+00     0.00000e+00
 187.00    0.00   50.30   45.38     0.00000e+00     0.00000e+00     0.00000e+00
 114.00    2.00   82.50   22.83     1.22811e-05     1.22811e-05     1.22811e-05
 132.00    2.00   61.80   22.13     8.68584e-06     8.68584e-06     8.68584e-06
 190.00    6.00   72.80   50.37     0.00000e+00     0.00000e+00     0.00000e+00
 185.00    1.20   56.30   21.50     0.00000e+00     0.00000e+00     5.47699e-08
 156.00    0.00   39.10   72.55     0.00000e+00     0.00000e+00     0.00000e+00
 132.00    0.00   27.00   75.10     0.00000e+00     0.00000e+00     0.00000e+00
 209.00    0.00   32.20   88.88     0.00000e+00     0.00000e+00     0.00000e+00
 192.00    0.00   37.80   94.30     0.00000e+00     0.00000e+00     0.00000e+00
 211.00    0.00   29.70   81.18     0.00000e+00     0.00000e+00     1.80704e-08
 245.00    0.00   39.10   78.00     7.73278e-08     7.73278e-08     7.73278e-08
 138.00    1.00   35.20   73.17     1.15221e-07     1.15221e-07     1.15221e-07
 190.00    0.00   41.90   67.57     0.00000e+00     0.00000e+00     0.00000e+00
  61.00    0.00   36.30   48.88     0.00000e+00     0.00000e+00     0.00000e+00
 111.00    0.00   33.70   53.90     0.00000e+00     0.00000e+00     0.00000e+00
 226.00    1.00   50.00   55.37     0.00000e+00     0.00000e+00     0.00000e+00
 115.00    0.00   24.00   70.97     0.00000e+00     0.00000e+00     0.00000e+00
  78.00    5.00   35.30   43.03     0.00000e+00     0.00000e+00     0.00000e+00
 290.00    0.00  200.60   16.79     9.34412e-08     9.34412e-08     9.34412e-08
 129.00    0.00   36.90   77.43     0.00000e+00     0.00000e+00     0.00000e+00
 215.00    0.00   32.80   71.72     0.00000e+00     0.00000e+00     0.00000e+00
 200.00    0.00   30.20   78.13     0.00000e+00     0.00000e+00     0.00000e+00
 155.00    0.00   50.90   62.20     0.00000e+00     0.00000e+00     0.00000e+00
 132.00    0.50   56.50   20.47     1.74631e-07     1.74631e-07     1.74631e-07
 134.00    0.00   82.50   17.62     3.71358e-06     3.71358e-06     3.71358e-06
  81.00    0.00   28.20   20.73     0.00000e+00     5.77343e-07     6.35056e-07
 149.00    1.00   31.10   50.45     0.00000e+00     0.00000e+00     0.00000e+00
 183.00    0.00  132.10   20.96     0.00000e+00     0.00000e+00     0.00000e+00
 184.00    0.00   54.90   37.20     0.00000e+00     0.00000e+00     1.58805e-09
 241.00    0.50   54.10   39.34     0.00000e+00     0.00000e+00     0.00000e+00
 168.00    1.00   38.80   63.42     0.00000e+00     0.00000e+00     0.00000e+00
 236.00    0.00   28.30   87.97     0.00000e+00     0.00000e+00     0.00000e+00
 220.00    0.00   40.00   69.02     0.00000e+00     0.00000e+00     0.00000e+00
 229.00    0.00   35.80   90.43     0.00000e+00     0.00000e+00     0.00000e+00
 167.00    1.00   26.20   95.90     0.00000e+00     0.00000e+00     1.94061e-09
  97.00    0.50   26.50   37.47     0.00000e+00     5.37396e-07     5.37396e-07
 221.00    1.70  103.90   24.05     1.75527e-06     1.93724e-06     1.93724e-06
 279.00    0.00   47.00   77.92     0.00000e+00     0.00000e+00     0.00000e+00
 142.00    1.00   47.00   33.02     0.00000e+00     9.98072e-08     3.19026e-07
 129.00    1.00   49.10   27.83     0.00000e+00     3.45391e-07     3.45391e-07
 238.00    0.00  111.70   23.10     0.00000e+00     0.00000e+00     0.00000e+00
 152.00    0.00   46.50   42.79     2.47573e-08     2.47573e-08     1.35373e-07
 107.00    0.00   45.80   36.50     5.95404e-07     5.95404e-07     6.66590e-07
 158.00    0.00   40.80   46.96     1.59289e-09     1.59289e-09     4.86288e-09
 110.00    1.00   56.80   30.78     0.00000e+00     0.00000e+00     9.32725e-09
 172.00    0.00   58.10   36.10     7.10175e-09     1.15720e-08     1.60066e-07
 210.00   20.00  110.80   36.80     7.50519e-10     2.11258e-07     2.13881e-07
 138.00    0.50   42.50   37.10     0.00000e+00     3.03288e-07     5.03350e-07
 142.00    2.00   37.60   64.78     0.00000e+00     0.00000e+00     0.00000e+00
  78.00    0.00   31.10   42.08     0.00000e+00     0.00000e+00     0.00000e+00
 132.00    0.00   49.00   35.56     0.00000e+00     1.87982e-07     4.40499e-07
 163.00    0.00  115.60   17.60     2.69492e-08     2.69492e-08     2.69492e-08
 229.00    0.00   49.20   64.32     6.06090e-06     6.06090e-06     6.06090e-06
 184.00    1.00   40.40   57.50     0.00000e+00     8.91515e-09     9.73399e-06
 115.00    0.00   39.30   58.23     3.34536e-09     8.07020e-08     8.26020e-06
 135.00    1.50   33.30   60.42     1.78812e-05     1.78812e-05     1.79298e-05
 155.00    0.00   23.60   57.87     2.32296e-05     2.32296e-05     2.32304e-05
 111.00    0.00   30.10   55.78     1.87392e-09     1.26847e-05     1.26847e-05
 100.00    1.00   28.40   34.10     0.00000e+00     1.30343e-07     1.30343e-07
  78.00    0.00   38.40   40.44     1.81842e-07     1.81842e-07     1.81842e-07
 142.00    1.00   30.00   59.02     0.00000e+00     1.24168e-05     1.24779e-05
  78.00    1.00   30.30   29.38     0.00000e+00     0.00000e+00     0.00000e+00
  50.00    0.50   34.30   40.15     0.00000e+00     0.00000e+00     6.22527e-08
 151.00    0.50   29.70   50.00     0.00000e+00     3.06665e-08     3.06665e-08
 165.00    0.00   51.40   46.52     0.00000e+00     0.00000e+00     0.00000e+00
 166.00    0.00   23.70   93.35     0.00000e+00     0.00000e+00     0.00000e+00
  75.00    2.00   33.10   35.25     0.00000e+00     0.00000e+00     0.00000e+00
 310.00    0.00   26.10  128.74     0.00000e+00     5.63750e-09     5.63750e-09
 214.00    2.00   33.40   77.94     0.00000e+00     0.00000e+00     0.00000e+00
 279.00    3.00   30.50  105.72     0.00000e+00     0.00000e+00     0.00000e+00
 155.00    1.00   46.20   66.75     0.00000e+00     1.63040e-07     1.63040e-07
 191.00    0.00   32.00   82.17     0.00000e+00     0.00000e+00     0.00000e+00
  87.00    1.00   38.00   28.33     9.44938e-07     9.44938e-07     1.07032e-06
  55.00    0.00   43.80   29.68     3.10767e-07     3.10767e-07     4.14954e-07
 118.00    1.00   48.90   26.63     1.26402e-06     1.26402e-06     1.38724e-06
  75.00    1.50   24.10   68.47     0.00000e+00     0.00000e+00     0.00000e+00
 134.00    0.00   46.90   37.08     0.00000e+00     0.00000e+00     0.00000e+00
 220.00    0.00   32.50  127.17     1.62761e-05     1.62761e-05     1.62761e-05
 261.00    4.00   34.60   72.80     5.21105e-07     5.21105e-07     6.12070e-07
 156.00    0.00   59.00   38.26     0.00000e+00     0.00000e+00     0.00000e+00
 100.00    0.00   52.50   39.80     0.00000e+00     1.26850e-06     1.33492e-06
 108.00    0.00   36.00   36.81     0.00000e+00     1.14305e-07     1.14305e-07
 218.00    0.00   39.50   66.82     0.00000e+00     0.00000e+00     0.00000e+00
 127.00    0.00   32.00   60.40     6.87093e-07     6.87093e-07     7.26367e-07
 104.00    0.00   43.30   55.63     1.71711e-06     1.71711e-06     1.73099e-06
  60.00    0.00   31.50   31.45     0.00000e+00     4.70798e-09     4.70798e-09
 158.00    0.00   28.40   57.84     0.00000e+00     3.78839e-07     4.41897e-07
 214.00    0.00   36.60   65.46     0.00000e+00     6.50737e-06     8.82542e-06
 200.00    0.00   28.80   72.43     8.82978e-06     1.14036e-05     1.14036e-05
 197.00    0.00   35.30   63.50     1.54655e-05     1.71366e-05     1.71366e-05
 172.00    0.00   40.10   69.92     2.69762e-05     2.69762e-05     2.69762e-05
 270.00    1.00   35.60   71.20     1.07160e-04     1.07160e-04     1.07160e-04
 202.00    1.00   31.10   80.80     0.00000e+00     0.00000e+00     0.00000e+00
 192.00    5.00   43.00   65.90     0.00000e+00     0.00000e+00     0.00000e+00
 183.00    4.00   40.60   55.33     3.17617e-06     3.17617e-06     3.17617e-06
 219.00    0.00   22.60  106.62     0.00000e+00     1.21529e-08     1.21529e-08
 155.00    1.00   51.50   43.78     0.00000e+00     4.29845e-09     4.29845e-09
 130.00    0.00   35.50   85.07     0.00000e+00     0.00000e+00     0.00000e+00
  56.00    0.00   40.10   19.66     0.00000e+00     0.00000e+00     0.00000e+00
 225.00    0.00   27.10   59.75     0.00000e+00     0.00000e+00     5.06084e-08
 271.00    0.00   44.40   85.98     0.00000e+00     0.00000e+00     1.19698e-07
 175.00    0.00   41.10   50.58     2.68463e-07     2.68463e-07     2.68463e-07
 215.00    0.00   26.30   91.43     2.67851e-07     2.67851e-07     3.60346e-07
 168.00    0.00   43.10   53.13     7.30942e-07     7.30942e-07     7.30942e-07
 236.00    0.00   34.40   84.30     0.00000e+00     0.00000e+00     0.00000e+00
 128.00    4.00   46.70   52.55     0.00000e+00     1.03606e-08     1.03606e-08
 139.00    2.00   28.00   69.93     0.00000e+00     0.00000e+00     0.00000e+00
 240.00    0.00   41.20   68.97     0.00000e+00     0.00000e+00     0.00000e+00
  88.00    0.00   32.10   34.88     0.00000e+00     0.00000e+00     0.00000e+00
 226.00    0.00   31.80   77.38     9.77554e-08     9.77554e-08     9.77554e-08
 380.00    0.50   48.60   93.63     0.00000e+00     0.00000e+00     0.00000e+00
 216.00    0.50   68.50   73.03     1.08993e-07     1.08993e-07     1.08993e-07
 173.00    0.00   23.40   69.90     0.00000e+00     0.00000e+00     0.00000e+00
 135.00    0.00   24.70   79.95     1.33796e-07     1.33796e-07     1.33796e-07
 170.00    2.00   37.30   73.08     7.00761e-07     7.00761e-07     7.51165e-07
 213.00    1.50   53.90   81.85     0.00000e+00     0.00000e+00     3.33841e-08
 192.00    1.00   31.10   85.58     0.00000e+00     5.40616e-08     5.40616e-08
 130.00    2.00   43.00   39.20     0.00000e+00     0.00000e+00     3.91563e-09
 238.00    1.00   29.20  112.43     6.28822e-08     6.28822e-08     6.28822e-08
 177.00    0.00   27.50   77.93     0.00000e+00     4.81987e-08     4.81987e-08
  96.00    0.00   33.50   47.74     0.00000e+00     0.00000e+00     0.00000e+00
 217.00    0.00   23.10   78.93     0.00000e+00     4.58627e-08     4.58627e-08
 141.00    2.00   34.80   73.83     2.50132e-07     2.50132e-07     2.50132e-07
 138.00    0.50   20.90   91.52     0.00000e+00     0.00000e+00     0.00000e+00
 100.00    2.00   28.20   59.88     0.00000e+00     0.00000e+00     9.69573e-09
 224.00    0.00   35.30   71.18     3.18673e-07     3.18673e-07     3.18673e-07
 203.00    2.50   34.20   41.07     1.05256e-09     1.05256e-09     1.05256e-09
 195.00    0.00   27.30   95.22     0.00000e+00     0.00000e+00     0.00000e+00
 170.00    0.00   29.70   50.53     0.00000e+00     0.00000e+00     0.00000e+00
  92.00    2.00   82.80   17.61     0.00000e+00     0.00000e+00     0.00000e+00
 111.00    0.00   64.30   19.35     0.00000e+00     0.00000e+00     0.00000e+00
 170.00    0.00   39.90   82.00     0.00000e+00     0.00000e+00     0.00000e+00
 233.00    0.00   34.20  106.85     0.00000e+00     0.00000e+00     0.00000e+00
 135.00    0.00   37.30   51.33     0.00000e+00     0.00000e+00     0.00000e+00
 130.00    0.00   31.70   94.93     0.00000e+00     0.00000e+00     4.90111e-11
 146.00    0.00   24.30   68.07     0.00000e+00     0.00000e+00     0.00000e+00
 115.00    1.00   38.30   42.82     2.65321e-08     2.65321e-08     2.65321e-08
 151.00    0.00  107.70   21.17     0.00000e+00     0.00000e+00     0.00000e+00
 191.00    0.00   31.30   76.32     6.50563e-08     6.50563e-08     7.13852e-08
 198.00    0.00   24.30   78.05     2.23941e-08     2.23941e-08     2.84781e-08
 235.00    0.00   45.10   73.23     0.00000e+00     0.00000e+00     0.00000e+00
 107.00    0.50   26.90   36.33     0.00000e+00     0.00000e+00     0.00000e+00
 212.00    1.00   30.20   51.67     0.00000e+00     0.00000e+00     0.00000e+00
 110.00    3.00   26.00   82.23     0.00000e+00     0.00000e+00     0.00000e+00
 237.00    0.00   31.90  101.95     0.00000e+00     1.05857e-07     1.05857e-07
 132.00    3.00   32.50   76.98     0.00000e+00     0.00000e+00     0.00000e+00
 150.00    0.50  101.30   21.94     2.57529e-07     3.05679e-07     3.05679e-07
 132.00    0.80   78.60   19.89     2.96677e-07     3.76939e-07     3.76939e-07
  52.00    8.00   56.90   21.65     3.91401e-07     3.91401e-07     4.29181e-07
  46.00    0.00   35.60   21.32     0.00000e+00     4.96602e-07     7.63523e-07
 150.00    1.00   44.20   58.77     0.00000e+00     0.00000e+00     0.00000e+00
 175.00    0.00   24.80   66.07     0.00000e+00     0.00000e+00     0.00000e+00
 129.00    0.00   47.00   27.34     0.00000e+00     3.18278e-07     3.18278e-07
 160.00    2.00   47.30   28.86     0.00000e+00     3.40764e-07     5.35273e-07
 161.00    0.00   35.90   51.70     0.00000e+00     0.00000e+00     0.00000e+00
 101.00    0.50   70.30   21.64     0.00000e+00     0.00000e+00     0.00000e+00
 128.00    0.00   38.30   49.97     0.00000e+00     0.00000e+00     1.13120e-09
 113.00    1.00   38.60   51.12     0.00000e+00     0.00000e+00     0.00000e+00
 182.00    0.00   44.50   53.07     0.00000e+00     0.00000e+00     0.00000e+00
 134.00    1.00   29.20   49.70     2.74718e-06     2.74718e-06     2.74718e-06
 159.00    1.00   30.50   61.05     0.00000e+00     0.00000e+00     0.00000e+00
 130.00    1.00   31.00   74.97     0.00000e+00     0.00000e+00     0.00000e+00
 123.00    1.00   24.00   42.97     0.00000e+00     0.00000e+00     0.00000e+00
  89.00    0.00   45.20   22.13     2.97256e-07     2.97256e-07     2.97256e-07
 153.00    0.00   49.30   30.33     0.00000e+00     2.99938e-08     2.99938e-08
 100.00    2.00   50.10   50.67     0.00000e+00     0.00000e+00     0.00000e+00
  55.00    0.00   50.20   28.68     0.00000e+00     0.00000e+00     1.99575e-07
 168.00    0.50   46.00   27.36     0.00000e+00     0.00000e+00     0.00000e+00
 103.00    2.00   40.90   41.10     7.58130e-07     7.58187e-07     7.58191e-07
 276.00    0.00   48.70   76.52     0.00000e+00     6.93856e-08     6.93856e-08
 210.00    0.00   29.60   83.05     0.00000e+00     0.00000e+00     0.00000e+00
 120.00    1.00   46.90   29.89     4.98311e-07     4.98311e-07     4.98311e-07
  83.00    0.00   49.70   26.77     0.00000e+00     4.28484e-07     4.28484e-07
  99.00    1.00   53.40   32.55     0.00000e+00     0.00000e+00     3.34981e-07
  54.00    0.00   50.80   18.62     0.00000e+00     0.00000e+00     0.00000e+00
 110.00    1.00   38.30   32.96     1.68345e-06     1.68345e-06     1.80859e-06
 115.00    0.00   66.60   23.42     4.25875e-06     4.43934e-06     4.43934e-06
 118.00    1.00   36.40   68.00     0.00000e+00     0.00000e+00     0.00000e+00
 235.00    0.00   43.00   60.94     0.00000e+00     0.00000e+00     0.00000e+00
 200.00    0.00   31.90   79.93     0.00000e+00     0.00000e+00     0.00000e+00
  80.00    0.00   52.00   31.54     0.00000e+00     6.51163e-08     6.51163e-08
 196.00    0.00   34.80   48.00     0.00000e+00     0.00000e+00     1.10096e-07
 160.00    0.00   32.00   40.48     0.00000e+00     1.96855e-07     1.96855e-07
 110.00    0.00   39.30   40.28     1.24310e-08     1.29389e-08     1.29389e-08
  69.00    0.00   63.40   29.90     7.23278e-09     7.23278e-09     7.23278e-09
 196.00    0.00   54.40   38.41     0.00000e+00     4.94995e-09     4.94995e-09
 127.00    1.50   30.90   64.02     0.00000e+00     0.00000e+00     0.00000e+00
 158.00    0.50   68.90   46.48     0.00000e+00     0.00000e+00     0.00000e+00
 115.00    0.00   52.10   48.49     7.05466e-08     7.05466e-08     8.16627e-06
 128.00    0.50   30.30   54.34     2.09108e-07     2.09108e-07     9.00125e-06
 153.00    0.00   43.80   49.56     3.21036e-05     3.21036e-05     3.21440e-05
 112.00    5.00   34.40   38.30     0.00000e+00     0.00000e+00     0.00000e+00
 178.00    1.00   51.30   54.06     2.54756e-05     2.54756e-05     2.54756e-05
 162.00    0.00   40.10   54.23     8.23482e-08     1.98040e-07     2.29097e-07
 209.00    0.50   25.20   54.66     1.66634e-07     2.30498e-07     2.30498e-07
 140.00    0.00   37.40   49.52     0.00000e+00     0.00000e+00     5.08973e-09
 128.00    0.00  133.90   14.09     0.00000e+00     2.10170e-08     2.10170e-08
 205.00    0.00   33.40   60.36     0.00000e+00     9.14929e-09     5.12638e-08
  67.00    0.00   35.20   23.22     0.00000e+00     1.40555e-07     1.55763e-07
  67.00    0.00   28.20   28.32     0.00000e+00     0.00000e+00     1.05371e-07
 276.00    0.00   47.40   65.38     0.00000e+00     0.00000e+00     0.00000e+00
 224.00    0.00   26.10  115.00     0.00000e+00     0.00000e+00     0.00000e+00
 130.00    0.00   31.00  101.62     0.00000e+00     0.00000e+00     0.00000e+00
 181.00    0.00   21.40  113.98     0.00000e+00     0.00000e+00     0.00000e+00
 170.00    0.00   28.20   44.70     0.00000e+00     6.40754e-08     1.23856e-06
 271.00    0.00   44.50   74.07     0.00000e+00     0.00000e+00     0.00000e+00
 127.00    5.00   69.80   33.01     0.00000e+00     0.00000e+00     5.96280e-08
 115.00    0.00   45.50   29.90     2.44049e-07     2.44049e-07     2.44049e-07
 115.00    0.00   27.50   57.24     0.00000e+00     0.00000e+00     0.00000e+00
 210.00    2.00   37.30   97.73     0.00000e+00     0.00000e+00     0.00000e+00
 140.00    0.00   43.30   57.34     0.00000e+00     0.00000e+00     0.00000e+00
 154.00    0.00   45.90   35.50     0.00000e+00     0.00000e+00     5.86768e-08
 191.00    0.00   38.10   91.93     0.00000e+00     0.00000e+00     0.00000e+00
 125.00    0.00   33.20   60.12     2.41184e-07     2.41184e-07     2.41184e-07
 120.00    3.00   67.70   20.61     0.00000e+00     0.00000e+00     0.00000e+00
 114.00    1.50   33.70   47.20     1.71044e-07     1.71044e-07     1.71044e-07
 189.00    0.00   44.60   54.98     0.00000e+00     7.69477e-08     7.69477e-08
 129.00    0.00   36.00   90.35     0.00000e+00     0.00000e+00     0.00000e+00
 165.00    0.00   62.10   31.65     6.93292e-07     6.93292e-07     6.93292e-07
 334.00    0.00   40.20  133.83     0.00000e+00     0.00000e+00     0.00000e+00
 260.00    0.00   38.70   81.83     0.00000e+00     0.00000e+00     0.00000e+00
 150.00    0.00   27.50   92.03     0.00000e+00     0.00000e+00     0.00000e+00
 132.00    2.00   30.20   81.25     0.00000e+00     0.00000e+00     0.00000e+00
 206.00    0.00   31.10   78.05     0.00000e+00     0.00000e+00     0.00000e+00
 156.00    0.00   33.00   47.06     0.00000e+00     5.31549e-09     5.31549e-09
 105.00    0.00   45.00   34.67     2.38813e-08     2.38813e-08     2.38813e-08
 114.00    1.00   38.00   82.93     0.00000e+00     0.00000e+00     0.00000e+00
 165.00    2.00   43.20   74.92     3.86661e-08     3.86661e-08     2.29604e-07
 136.00    0.00   28.20   92.91     0.00000e+00     0.00000e+00     0.00000e+00
 204.00    0.00   35.20   92.00     0.00000e+00     0.00000e+00     0.00000e+00
 172.00    2.00   48.80   48.62     0.00000e+00     0.00000e+00     2.89639e-09
 143.00    0.00   52.10   44.72     1.12325e-08     1.12325e-08     1.12325e-08
  44.00    0.00   27.10   21.40     1.40731e-07     1.40731e-07     1.40731e-07
  62.00    0.00   31.20   41.82     0.00000e+00     0.00000e+00     0.00000e+00
 147.00    2.00   51.10   36.24     2.96148e-09     2.96148e-09     2.96148e-09
 141.00    0.00   29.50   75.45     0.00000e+00     0.00000e+00     0.00000e+00
 170.00    0.00   80.60   18.99     0.00000e+00     0.00000e+00     0.00000e+00
 197.00    0.00   29.60   87.23     0.00000e+00     0.00000e+00     0.00000e+00
 178.00    0.00   25.00   36.66     0.00000e+00     0.00000e+00     3.33351e-10
 151.00    2.00   43.00   41.95     1.63894e-07     1.63894e-07     1.64232e-07
 170.00    0.00   35.80   89.43     0.00000e+00     0.00000e+00     0.00000e+00
 129.00    1.00   20.90   54.40     0.00000e+00     0.00000e+00     0.00000e+00
 210.00    0.00   65.90   50.37     0.00000e+00     0.00000e+00     0.00000e+00
 224.00    0.00   23.80   89.47     0.00000e+00     0.00000e+00     0.00000e+00
 168.00    0.00   31.20   86.80     0.00000e+00     0.00000e+00     0.00000e+00
 149.00    0.00   35.60   89.58     0.00000e+00     0.00000e+00     0.00000e+00
 155.00    0.00   34.30   43.75     0.00000e+00     0.00000e+00     0.00000e+00
  74.00    2.50   48.50   16.48     0.00000e+00     0.00000e+00     0.00000e+00
 110.00    2.50   26.10   55.12     0.00000e+00     0.00000e+00     1.54410e-08
  78.00    5.00   55.40   24.17     0.00000e+00     0.00000e+00     1.23772e-08
 235.00    0.00   45.30   79.05     0.00000e+00     0.00000e+00     0.00000e+00
 149.00    1.00   65.00   52.19     0.00000e+00     0.00000e+00     0.00000e+00
 167.00    1.50   29.50   69.07     0.00000e+00     0.00000e+00     0.00000e+00
 104.00    0.00   28.70   40.28     0.00000e+00     0.00000e+00     0.00000e+00
 142.00    0.00   41.80   52.35     0.00000e+00     0.00000e+00     0.00000e+00
 197.00    0.00  140.50   17.92     1.65169e-07     1.65169e-07     1.65169e-07
 185.00    0.00   50.10   59.23     0.00000e+00     0.00000e+00     0.00000e+00
  41.00    2.00   31.20   19.42     5.64659e-08     5.64659e-08     5.64659e-08
 122.00    1.50   50.60   31.16     0.00000e+00     0.00000e+00     0.00000e+00
 279.00    0.00   46.80   92.87     0.00000e+00     0.00000e+00     0.00000e+00
 156.00    3.00   65.80   27.24     0.00000e+00     0.00000e+00     3.65368e-08
 213.00    2.00   28.20  115.67     0.00000e+00     0.00000e+00     0.00000e+00
  87.00    1.00   26.00   52.40     0.00000e+00     0.00000e+00     0.00000e+00
 105.00    0.00   28.70   48.60     0.00000e+00     0.00000e+00     0.00000e+00
  94.00    0.00  113.20   18.17     0.00000e+00     7.54246e-08     7.54246e-08
 186.00    0.00  157.10   18.67     2.14450e-07     2.14450e-07     2.14450e-07
  98.00    0.00   38.50   25.76     1.77251e-07     1.77251e-07     2.34967e-07
 167.00    0.00  179.80   19.08     0.00000e+00     4.78535e-07     4.79577e-07
 169.00    0.00   40.80   54.32     0.00000e+00     0.00000e+00     0.00000e+00
  74.00    0.00   39.10   45.25     0.00000e+00     0.00000e+00     0.00000e+00
  67.00    0.00   52.70   21.18     5.95273e-07     9.50796e-07     1.00879e-06
 198.00    0.00   86.50   24.37     8.89461e-07     1.24770e-06     1.24770e-06
  80.00    3.00   51.00   33.33     0.00000e+00     3.73193e-07     3.73193e-07
  71.00    0.00   56.80   18.82     1.81101e-06     1.81101e-06     1.86603e-06
  68.00    0.00   37.20   25.12     3.91640e-06     3.91640e-06     3.91640e-06
  74.00    1.00   36.80   21.02     8.86077e-07     1.27619e-06     1.27619e-06
  75.00    1.00   55.10   16.85     1.57685e-06     1.57685e-06     1.57685e-06
 115.00    0.00   63.10   26.06     0.00000e+00     7.43216e-07     7.43216e-07
 136.00    0.00   28.00   62.52     0.00000e+00     0.00000e+00     0.00000e+00
 271.00    0.00   26.20  110.75     0.00000e+00     0.00000e+00     0.00000e+00
 139.00    0.00   34.70   65.52     0.00000e+00     0.00000e+00     0.00000e+00
 132.00    0.00   71.70   16.51     0.00000e+00     0.00000e+00     0.00000e+00
  50.00    0.00   40.80   18.67     0.00000e+00     0.00000e+00     0.00000e+00
 110.00    0.00   49.70   23.74     0.00000e+00     0.00000e+00     0.00000e+00
 175.00    0.00   32.50   71.22     0.00000e+00     0.00000e+00     0.00000e+00
  71.00    0.00   40.30   23.50     0.00000e+00     0.00000e+00     0.00000e+00
 163.00    0.00   28.90   79.42     0.00000e+00     0.00000e+00     0.00000e+00
 190.00    0.00   30.30  114.90     0.00000e+00     0.00000e+00     0.00000e+00
 175.00    0.00   41.00   55.92     0.00000e+00     0.00000e+00     1.30150e-07
 227.00    0.00  133.00   21.82     1.10153e-07     1.10153e-07     1.10153e-07
 156.00    0.50   28.20   64.58     0.00000e+00     0.00000e+00     0.00000e+00
 135.00    1.50   38.70   50.97     0.00000e+00     0.00000e+00     7.00520e-08
  82.00    0.00   34.90   28.27     0.00000e+00     0.00000e+00     0.00000e+00
 130.00    0.00   51.30   36.96     0.00000e+00     4.00759e-08     1.13651e-07
 180.00    0.00   44.00   40.59     6.26115e-08     6.26115e-08     9.92135e-08
 219.00    1.00   45.30   44.40     1.47540e-07     1.47540e-07     3.48147e-07
 157.00    0.00   42.60   40.23     0.00000e+00     1.06228e-07     1.06228e-07
 140.00    0.00   34.60   45.82     0.00000e+00     3.26837e-07     3.26837e-07
  72.00    1.00   35.50   31.85     0.00000e+00     0.00000e+00     0.00000e+00
  98.00    0.00   54.70   44.17     1.44414e-10     2.51809e-07     2.51809e-07
 150.00    0.00   49.80   30.54     0.00000e+00     5.47093e-11     2.03774e-07
 175.00    0.00   25.90   74.50     0.00000e+00     0.00000e+00     0.00000e+00
 197.00    2.00   48.80   81.33     0.00000e+00     0.00000e+00     0.00000e+00
 255.00    0.00   33.70   78.28     0.00000e+00     7.15219e-09     1.06172e-08
 161.00    1.00   28.70   77.28     0.00000e+00     0.00000e+00     9.53091e-09
 148.00    4.00   57.90   29.13     1.21774e-07     1.21774e-07     1.21774e-07
 254.00    0.00   50.70   57.33     0.00000e+00     0.00000e+00     0.00000e+00
 307.00    0.50   63.60   74.83     2.13652e-08     2.13652e-08     2.13652e-08
 185.00    0.00   48.80   39.06     0.00000e+00     0.00000e+00     8.03140e-08
  80.00    1.00   50.00   31.06     0.00000e+00     0.00000e+00     0.00000e+00
 179.00    0.00   36.50  119.50     0.00000e+00     0.00000e+00     0.00000e+00
 176.00    0.00   31.50   68.95     0.00000e+00     0.00000e+00     0.00000e+00
 162.00    0.00   43.50   59.87     0.00000e+00     0.00000e+00     0.00000e+00
 129.00    1.00   24.70   64.27     0.00000e+00     0.00000e+00     0.00000e+00
 139.00    2.00   28.70   42.08     0.00000e+00     0.00000e+00     2.30259e-07
 192.00    2.30   45.80   49.77     0.00000e+00     4.12763e-07     4.12763e-07
 130.00    2.00   38.70   62.93     0.00000e+00     0.00000e+00     0.00000e+00
 170.00    1.00   32.00   57.08     0.00000e+00     0.00000e+00     0.00000e+00
 182.00    1.00   36.10   53.02     0.00000e+00     5.20505e-08     6.30671e-08
 272.00    0.00   98.00   53.87     0.00000e+00     0.00000e+00     0.00000e+00
 105.00    0.50   30.60   68.60     0.00000e+00     0.00000e+00     0.00000e+00
 190.00    0.50   36.80   67.58     0.00000e+00     0.00000e+00     0.00000e+00
 211.00    0.00   48.50   51.28     2.05300e-07     2.05300e-07     2.05300e-07
 157.00    0.00   36.60   55.32     0.00000e+00     2.09363e-07     2.09363e-07
 160.00    1.00   28.40   52.32     0.00000e+00     2.22546e-09     2.22546e-09
 176.00    0.80   22.60   81.33     0.00000e+00     0.00000e+00     0.00000e+00
 220.00    0.00   30.50  109.73     0.00000e+00     0.00000e+00     0.00000e+00
 150.00    0.00   35.80   47.33     0.00000e+00     0.00000e+00     0.00000e+00
  95.00    0.00   38.70   23.81     1.25735e-07     1.25735e-07     1.25735e-07
  75.00    1.00   34.40   29.43     2.01634e-07     2.01634e-07     2.01634e-07
 250.00    0.00   33.70  104.45     0.00000e+00     0.00000e+00     0.00000e+00
 122.00    1.00   20.00   98.26     0.00000e+00     0.00000e+00     0.00000e+00
 126.00    0.00   23.10  104.52     0.00000e+00     0.00000e+00     0.00000e+00
 103.00    0.00   30.70   46.30     0.00000e+00     0.00000e+00     0.00000e+00
 107.00    0.00   28.00   57.90     0.00000e+00     0.00000e+00     0.00000e+00
 200.00    0.00   34.20   53.06     0.00000e+00     0.00000e+00     0.00000e+00
 143.00    3.00   59.50   36.13     1.14542e-07     2.05020e-06     2.83083e-06
 122.00    0.00   18.00   79.55     0.00000e+00     0.00000e+00     0.00000e+00
 181.00    1.00   45.80   37.91     2.66187e-07     3.13625e-06     3.13625e-06
  75.00    0.00   45.50   28.52     2.16023e-07     2.16023e-07     2.00771e-06
 103.00    0.00   43.30   34.50     0.00000e+00     2.32128e-08     9.59928e-08
 120.00    0.00   56.30   24.62     2.83179e-07     2.83179e-07     2.83179e-07
  70.00    0.00   35.10   73.98     0.00000e+00     0.00000e+00     0.00000e+00
 201.00    0.00   44.40   40.11     0.00000e+00     0.00000e+00     1.41395e-08
 162.00    1.00   29.40   53.60     0.00000e+00     0.00000e+00     0.00000e+00
 178.00    0.00   28.00   96.30     0.00000e+00     0.00000e+00     1.06053e-07
 163.00    2.00   21.90   89.47     0.00000e+00     0.00000e+00     0.00000e+00
 120.00    1.50   27.00   67.18     0.00000e+00     0.00000e+00     0.00000e+00
 207.00    1.00   35.90   83.53     0.00000e+00     0.00000e+00     0.00000e+00
  84.00    0.00   26.00   41.72     0.00000e+00     0.00000e+00     0.00000e+00
 102.00    2.00   21.90   65.07     0.00000e+00     5.33221e-08     5.33221e-08
 177.00    0.90   46.50   22.66     7.03336e-08     7.03336e-08     7.03336e-08
 149.00    0.50   45.90   35.35     1.41764e-07     1.41803e-07     1.41803e-07
 180.00    0.00   31.00   73.53     0.00000e+00     0.00000e+00     0.00000e+00
  99.00    1.00   42.00   29.95     1.02744e-10     1.02744e-10     1.02744e-10
 110.00    0.00   45.00   31.88     0.00000e+00     8.91131e-08     8.91447e-08
 128.00    0.00   37.40   47.97     0.00000e+00     3.28209e-07     3.28209e-07
 144.00    0.00   41.90   34.68     0.00000e+00     0.00000e+00     0.00000e+00
 129.00    1.00   36.20   73.28     0.00000e+00     0.00000e+00     0.00000e+00
  87.00    2.00   34.10   42.22     1.18719e-06     1.18719e-06     1.23371e-06
 191.00    0.00   28.20   98.12     0.00000e+00     0.00000e+00     0.00000e+00
 114.00    5.00   43.20   51.03     5.62268e-07     5.62268e-07     5.62268e-07
  97.00    0.00   36.00   48.52     9.64140e-07     9.64140e-07     1.00927e-06
 161.00    0.00   59.70   29.10     0.00000e+00     2.15092e-07     2.15092e-07
 236.00    0.00   49.20   95.23     2.60658e-08     2.60658e-08     2.60658e-08
 224.00    0.50   25.30   88.57     0.00000e+00     0.00000e+00     0.00000e+00
  80.00    2.00   60.30   30.82     5.38725e-08     5.38725e-08     1.32682e-07
 203.00    1.00   22.90   88.07     0.00000e+00     0.00000e+00     0.00000e+00
 279.00    0.00   33.00  109.65     0.00000e+00     0.00000e+00     0.00000e+00
 194.00    0.00   39.00   74.23     0.00000e+00     0.00000e+00     0.00000e+00
 107.00    0.00   29.30   69.17     0.00000e+00     0.00000e+00     0.00000e+00
 171.00    0.00   33.40   68.88     0.00000e+00     0.00000e+00     0.00000e+00
 213.00    2.00   32.60   92.37     0.00000e+00     0.00000e+00     0.00000e+00
 193.00    1.00   30.30  107.07     0.00000e+00     0.00000e+00     0.00000e+00
 160.00    2.00   32.00   83.15     0.00000e+00     0.00000e+00     0.00000e+00
 123.00    2.50   37.90   35.80     0.00000e+00     0.00000e+00     0.00000e+00
 130.00    1.00   30.50   78.08     0.00000e+00     0.00000e+00     0.00000e+00
 155.00    0.00   31.50   64.83     0.00000e+00     0.00000e+00     0.00000e+00
  44.00    0.00   41.10   14.07     0.00000e+00     0.00000e+00     0.00000e+00
 160.00    1.00   53.40   76.88     0.00000e+00     0.00000e+00     0.00000e+00
  66.00    0.00   48.70   25.75     0.00000e+00     1.02325e-07     1.02325e-07
 159.00    1.00   37.50   67.07     0.00000e+00     0.00000e+00     0.00000e+00
 145.00    0.00   30.10   59.93     0.00000e+00     0.00000e+00     0.00000e+00
  65.00    0.00   43.60   19.90     4.98325e-07     4.98325e-07     4.98325e-07
 263.00    0.00   96.80   33.60     0.00000e+00     0.00000e+00     0.00000e+00
  73.00    0.00   36.90   37.07     0.00000e+00     0.00000e+00     0.00000e+00
 203.00    0.00   29.90   85.42     0.00000e+00     0.00000e+00     0.00000e+00
 110.00    0.00   50.00   41.53     0.00000e+00     5.43125e-10     5.43125e-10
  97.00    0.50   44.30   45.78     2.35518e-09     2.35518e-09     2.35518e-09
 240.00    0.00   43.40   45.79     3.39252e-09     3.39252e-09     1.72322e-08
  74.00    0.00   21.80   44.32     0.00000e+00     0.00000e+00     3.39992e-10
 103.00    0.00   28.10   41.87     0.00000e+00     0.00000e+00     0.00000e+00
 142.00    0.00   24.70   70.32     0.00000e+00     0.00000e+00     0.00000e+00
 150.00    1.00   46.00   42.97     0.00000e+00     0.00000e+00     0.00000e+00
 150.00    0.00   33.90   76.82     0.00000e+00     0.00000e+00     0.00000e+00
 176.00    0.00   36.40   67.07     0.00000e+00     0.00000e+00     5.73441e-08
 153.00    0.00   20.70   53.47     0.00000e+00     0.00000e+00     0.00000e+00
 217.00    0.00   50.10   51.64     8.53772e-07     8.53772e-07     8.53772e-07
 102.00    1.00   42.30   41.70     0.00000e+00     0.00000e+00     0.00000e+00
 238.00    0.00   46.40   47.86     2.41002e-07     2.41002e-07     2.41002e-07
 118.00    1.00   28.20   49.84     0.00000e+00     0.00000e+00     0.00000e+00
 133.00    0.50   38.30   48.10     0.00000e+00     0.00000e+00     0.00000e+00
 145.00    3.00   30.70   51.08     1.58370e-06     1.58370e-06     1.65215e-06
 140.00    0.00   33.20   56.62     3.34400e-06     3.34400e-06     3.41013e-06
 185.00    0.00   59.10   69.10     5.94675e-08     5.94675e-08     5.94675e-08
  74.00    1.00   26.50   58.92     0.00000e+00     0.00000e+00     0.00000e+00
 115.00    8.50   39.30   49.22     0.00000e+00     0.00000e+00     0.00000e+00
 168.00    1.50   84.20   30.08     0.00000e+00     0.00000e+00     0.00000e+00
 191.00    9.00   70.80   41.10     0.00000e+00     0.00000e+00     0.00000e+00
 103.00    0.00   37.70   48.70     0.00000e+00     0.00000e+00     0.00000e+00
  99.00    0.50   50.80   32.90     0.00000e+00     0.00000e+00     0.00000e+00
 101.00    0.00   30.30   71.07     0.00000e+00     0.00000e+00     0.00000e+00
 258.00    0.00   42.20   73.10     5.43363e-07     5.43363e-07     5.43363e-07
 156.00    0.00   78.80   15.38     0.00000e+00     0.00000e+00     0.00000e+00
 300.00    2.00   31.50  109.40     0.00000e+00     0.00000e+00     0.00000e+00
 190.00    3.00   31.70   97.30     0.00000e+00     0.00000e+00     2.48573e-08
 190.00    0.00   42.70   62.73     2.58804e-07     2.58804e-07     2.58804e-07
 169.00    0.50   51.50   49.78     0.00000e+00     0.00000e+00     0.00000e+00
  95.00    1.00   60.60   16.56     1.53238e-07     1.53238e-07     1.53238e-07
 259.00    0.00   34.70   90.23     0.00000e+00     0.00000e+00     0.00000e+00
  86.00    0.00   29.00   44.45     0.00000e+00     6.95996e-09     6.95996e-09
 206.00    0.00   41.30   47.70     0.00000e+00     0.00000e+00     0.00000e+00
 285.00    0.00   35.90   82.78     0.00000e+00     0.00000e+00     0.00000e+00
 200.00    0.00   46.30   50.03     0.00000e+00     6.18329e-08     6.18329e-08
 221.00    0.00   37.00   71.85     0.00000e+00     0.00000e+00     0.00000e+00
 186.00    1.00   55.00   33.97     0.00000e+00     0.00000e+00     0.00000e+00
 183.00    0.00   35.00   48.97     0.00000e+00     0.00000e+00     0.00000e+00
 160.00    0.00   31.00   75.52     0.00000e+00     0.00000e+00     9.51345e-08
 231.00    0.00   21.80  106.20     0.00000e+00     0.00000e+00     0.00000e+00
 146.00    1.50   22.00   55.86     0.00000e+00     0.00000e+00     0.00000e+00
 229.00    0.00   47.40   74.18     0.00000e+00     0.00000e+00     0.00000e+00
 207.00    0.00   39.30   56.87     0.00000e+00     5.04626e-07     5.04626e-07
 254.00    0.00   36.40   78.52     0.00000e+00     0.00000e+00     0.00000e+00
 185.00    0.70   32.50   45.87     0.00000e+00     0.00000e+00     3.25836e-10
 119.00    2.70   82.60   21.49     0.00000e+00     0.00000e+00     0.00000e+00
 180.00    0.00   30.20   87.06     0.00000e+00     0.00000e+00     0.00000e+00
 195.00    0.00   42.60   58.90     0.00000e+00     0.00000e+00     0.00000e+00
 126.00    3.00   35.50   40.75     0.00000e+00     0.00000e+00     0.00000e+00
 148.00    0.00   43.10   61.68     0.00000e+00     0.00000e+00     0.00000e+00
 191.00    0.00   43.30   71.77     0.00000e+00     0.00000e+00     0.00000e+00
 177.00    0.00   38.20   58.88     1.97880e-06     1.97880e-06     1.97880e-06
  91.00    0.50   40.90   30.43     0.00000e+00     0.00000e+00     0.00000e+00
 238.00    0.40   57.40   69.72     0.00000e+00     0.00000e+00     0.00000e+00
 163.00    4.50   72.90   32.56     5.48953e-09     5.48953e-09     5.48953e-09
 156.00    0.00   35.20   51.47     2.56815e-07     2.56815e-07     2.93040e-07
 154.00    4.00   26.60   76.70     1.76867e-06     1.76867e-06     1.76867e-06
 156.00    2.00   41.30   41.64     7.86063e-08     7.86063e-08     7.86063e-08
 207.00    0.00   34.50   66.48     0.00000e+00     1.60503e-07     1.70497e-07
 158.00    0.00   42.50   61.55     0.00000e+00     0.00000e+00     1.44871e-07
 129.00    0.00   40.60   33.16     0.00000e+00     1.55012e-09     1.55012e-09
 120.00    0.00   26.80   83.28     0.00000e+00     0.00000e+00     0.00000e+00
 170.00    0.00   24.50   72.18     0.00000e+00     0.00000e+00     0.00000e+00
 160.00    1.00   69.70   39.22     0.00000e+00     0.00000e+00     0.00000e+00
 138.00    2.80   46.60   27.02     2.28964e-09     2.28964e-09     2.21871e-07
 178.00    1.00   30.50   81.92     0.00000e+00     0.00000e+00     0.00000e+00
 185.00    0.00   27.90   68.65     0.00000e+00     0.00000e+00     0.00000e+00
 165.00    0.00   40.90   44.62     0.00000e+00     2.78660e-07     2.78660e-07
 173.00    1.00   61.90   32.41     0.00000e+00     0.00000e+00     0.00000e+00
 200.00    1.00   39.40   52.35     0.00000e+00     0.00000e+00     0.00000e+00
 113.00    2.00   32.90   30.87     0.00000e+00     2.82337e-09     2.82337e-09
 279.00    0.00   56.80   49.09     0.00000e+00     1.66587e-09     1.66587e-09
 266.00    0.00   59.00   66.43     7.84522e-07     7.84522e-07     9.05551e-07
 110.00    0.00  117.30   15.13     0.00000e+00     0.00000e+00     0.00000e+00
 240.00    0.00   54.60   53.20     0.00000e+00     4.11339e-07     4.11339e-07
 180.00    1.00   96.60   25.82     1.35659e-08     1.35659e-08     1.35659e-08
 257.00    1.00   59.60   46.45     1.50286e-04     1.50370e-04     1.50370e-04
 240.00    2.60   67.40   42.14     0.00000e+00     3.48623e-08     3.48623e-08
 220.00    0.00   52.80   47.02     1.00879e-06     1.00879e-06     1.00879e-06
 195.00    0.00   46.40   26.16     2.06250e-07     2.06250e-07     2.07383e-07
 170.00    0.00   20.40   86.17     0.00000e+00     0.00000e+00     0.00000e+00
 213.00    0.00   35.40   59.97     0.00000e+00     0.00000e+00     0.00000e+00
 147.00    1.00   40.90   42.25     0.00000e+00     0.00000e+00     0.00000e+00
 158.00    0.50   48.20   28.64     0.00000e+00     0.00000e+00     0.00000e+00
 285.00    0.00   46.00  123.87     0.00000e+00     0.00000e+00     0.00000e+00
 240.00    0.00   35.10   82.80     8.97875e-08     8.97875e-08     8.97875e-08
 159.00    0.00   31.80   77.53     0.00000e+00     0.00000e+00     8.28742e-10
 170.00    2.00   51.30  115.42     0.00000e+00     0.00000e+00     0.00000e+00
 250.00    0.00   54.70   53.46     0.00000e+00     0.00000e+00     0.00000e+00
 140.00    1.00   54.00   39.51     0.00000e+00     0.00000e+00     0.00000e+00
 138.00    2.00   47.20   29.93     0.00000e+00     0.00000e+00     0.00000e+00
 159.00    2.00   40.50   46.87     0.00000e+00     0.00000e+00     0.00000e+00
 189.00    0.00   21.40   42.88     0.00000e+00     0.00000e+00     0.00000e+00
 178.00    3.00   55.40   34.51     0.00000e+00     0.00000e+00     0.00000e+00
 200.00    0.50   59.30   49.35     0.00000e+00     0.00000e+00     7.48642e-08
 209.00    2.00   61.80   35.50     2.84141e-07     2.84141e-07     2.84141e-07
 173.00    0.00   33.00   74.58     0.00000e+00     0.00000e+00     3.09755e-08
 116.00    0.00   51.00   22.51     1.35377e-06     1.53324e-06     1.60176e-06
 135.00    1.00   53.30   24.91     0.00000e+00     0.00000e+00     5.92090e-08
 235.00    1.00   42.20   65.55     1.03199e-07     1.03199e-07     1.03199e-07
 165.00    1.30   57.30   22.86     0.00000e+00     0.00000e+00     0.00000e+00
 175.00    1.00   34.70   56.20     2.26743e-07     2.42460e-07     2.42460e-07
 108.00    1.50   45.60   20.67     1.39641e-07     3.06886e-07     3.06886e-07
 228.00    0.50   23.20  113.30     0.00000e+00     0.00000e+00     5.36772e-08
 225.00    0.00   37.80   67.61     0.00000e+00     0.00000e+00     0.00000e+00
 134.00    0.00   20.70   54.87     0.00000e+00     0.00000e+00     5.37073e-08
 184.00    2.00   33.20   50.39     6.21690e-06     6.21690e-06     6.22354e-06
 180.00    0.50   36.40   52.19     0.00000e+00     0.00000e+00     0.00000e+00
 102.00    0.00   20.70   58.13     0.00000e+00     0.00000e+00     0.00000e+00
 182.00    0.00   28.50  102.23     0.00000e+00     0.00000e+00     1.46897e-07
 120.00    0.50   28.20   63.09     0.00000e+00     1.28943e-09     1.28943e-09
 110.00    0.00   18.10   68.08     0.00000e+00     0.00000e+00     0.00000e+00
 200.00    0.00   49.10   70.31     0.00000e+00     0.00000e+00     0.00000e+00
 216.00    2.00   28.90  105.84     0.00000e+00     0.00000e+00     0.00000e+00
  90.00    0.00   29.10   70.71     0.00000e+00     0.00000e+00     0.00000e+00
 179.00    0.00   21.70  109.95     0.00000e+00     0.00000e+00     0.00000e+00
 160.00    0.00   34.60   65.23     0.00000e+00     1.67022e-08     1.14650e-07
 108.00    0.00   25.80   85.20     0.00000e+00     0.00000e+00     0.00000e+00
 215.00    0.00   44.70   85.98     0.00000e+00     9.21292e-09     9.21292e-09
 188.00    0.00   24.10   93.46     0.00000e+00     0.00000e+00     0.00000e+00
  92.00    0.00   22.50   72.41     0.00000e+00     0.00000e+00     0.00000e+00
 128.00    2.00   41.10   58.50     0.00000e+00     0.00000e+00     0.00000e+00
 123.00    0.20   20.80   66.76     0.00000e+00     0.00000e+00     0.00000e+00
  90.00    0.20   25.80   61.76     0.00000e+00     0.00000e+00     0.00000e+00
 113.00    0.50   22.10   90.58     0.00000e+00     0.00000e+00     0.00000e+00
 120.00    1.00   71.80   24.94     5.12521e-09     5.12521e-09     5.12521e-09
