25.50000 2.05031 2.92666
34.60000 2.93892 3.89289
34.50000 2.02551 3.89289
34.60000 2.14267 3.89289
34.60000 2.08930 3.89289
34.70000 0.87606 3.89289
16.70000 2.13478 1.95579
16.70000 1.65837 1.95579
16.70000 1.37909 1.95579
34.60000 0.98279 3.89289
16.70000 0.52773 1.95579
16.70000 2.92418 1.95579
16.70000 2.27013 1.95579
16.70000 2.80658 1.95579
16.70000 0.93518 1.95579
16.70000 1.05900 1.95579
16.70000 2.40418 1.95579
16.70000 2.02536 1.95579
16.70000 4.20588 1.95579
16.70000 3.56193 1.95579
16.70000 1.05253 1.95579
16.70000 2.43179 1.95579
16.70000 0.52971 1.95579
16.70000 1.08052 1.95579
16.70000 2.80732 1.95579
16.70000 0.71712 1.95579
32.30000 2.75133 3.89289
32.30000 2.07349 3.89289
29.63000 0.70012 3.41036
11.35000 0.46227 1.46860
36.97000 2.38916 4.37427
16.12000 1.04304 1.95579
29.17000 2.23807 3.41036
16.12000 1.11794 1.95579
16.12000 0.51872 1.95579
16.12000 0.32905 1.95579
16.12000 0.60571 1.95579
16.12000 0.97332 1.95579
16.12000 4.56912 1.95579
16.12000 1.31231 1.95579
16.12000 0.11594 1.95579
39.81000 13.12255 4.37427
14.53000 0.17535 1.46860
25.40000 1.09068 2.92666
16.70000 0.57889 1.95579
16.70000 0.96035 1.95579
16.70000 2.26533 1.95579
16.70000 3.80530 1.95579
16.70000 3.35010 1.95579
16.70000 3.38942 1.95579
16.70000 2.01460 1.95579
16.70000 0.47180 1.95579
16.70000 0.49576 1.95579
16.70000 4.58191 1.95579
16.70000 0.76451 1.95579
16.70000 1.77330 1.95579
16.70000 3.14284 1.95579
15.70000 2.59182 1.95579
16.70000 2.33216 1.95579
16.70000 1.66354 1.95579
16.70000 1.57799 1.95579
16.70000 2.71090 1.95579
16.70000 1.99472 1.95579
16.70000 0.86685 1.95579
16.70000 0.65851 1.95579
16.70000 2.34496 1.95579
16.70000 0.56847 1.95579
16.70000 1.38139 1.95579
16.70000 0.89060 1.95579
16.70000 2.52099 1.95579
16.70000 0.60667 1.95579
16.70000 0.89060 1.95579
16.70000 3.67932 1.95579
16.70000 2.06836 1.95579
16.70000 2.50023 1.95579
16.70000 2.16113 1.95579
16.70000 3.66668 1.95579
16.70000 0.81809 1.95579
16.70000 0.20063 1.95579
16.70000 1.28717 1.95579
16.70000 1.53642 1.95579
16.70000 1.38841 1.95579
16.70000 2.25321 1.95579
16.70000 1.07883 1.95579
16.70000 0.67237 1.95579
16.70000 2.07618 1.95579
1.20000 0.10659 0.49071
16.70000 1.33519 1.95579
29.00000 1.77653 3.41036
16.70000 0.53303 1.95579
16.70000 1.30204 1.95579
32.60000 2.56182 3.89289
16.70000 1.97167 1.95579
16.70000 2.00262 1.95579
16.70000 0.24289 1.95579
16.70000 5.73864 1.95579
16.70000 2.96256 1.95579
16.70000 0.97721 1.95579
16.70000 2.11170 1.95579
17.50000 0.88401 1.95579
16.70000 0.97859 1.95579
16.70000 2.21080 1.95579
16.70000 1.52354 1.95579
16.70000 1.92460 1.95579
16.70000 0.65838 1.95579
16.70000 1.81029 1.95579
16.70000 0.81373 1.95579
25.50000 3.41463 2.92666
16.70000 3.13518 1.95579
16.70000 0.86463 1.95579
22.90000 2.11906 2.44181
22.10000 2.68405 2.44181
11.59000 0.29923 1.46860
29.62000 2.61902 3.41036
15.83000 1.16809 1.95579
26.59000 1.95856 2.92666
29.98000 1.18256 3.41036
31.66000 0.15349 3.41036
31.70000 7.87821 3.41036
30.76000 4.80741 3.41036
16.12000 1.76006 1.95579
31.70000 4.10370 3.41036
31.76000 2.11467 3.41036
30.55000 0.91538 3.41036
16.12000 1.22963 1.95579
30.78000 4.78036 3.41036
31.67000 2.19722 3.41036
31.60000 1.54883 3.41036
16.12000 1.81593 1.95579
16.12000 1.06831 1.95579
16.12000 3.25701 1.95579
16.12000 1.10113 1.95579
16.12000 1.16747 1.95579
16.12000 0.52317 1.95579
16.12000 0.51553 1.95579
16.12000 0.51988 1.95579
16.12000 1.93997 1.95579
16.12000 0.34584 1.95579
16.12000 7.95668 1.95579
16.12000 1.04387 1.95579
16.12000 4.09063 1.95579
16.12000 4.41231 1.95579
16.12000 0.55925 1.95579
16.12000 0.84892 1.95579
16.12000 3.43913 1.95579
16.12000 8.72720 1.95579
16.12000 0.40737 1.95579
16.12000 0.97834 1.95579
16.12000 0.13958 1.95579
16.12000 2.66706 1.95579
31.69000 2.85041 3.41036
16.12000 0.71567 1.95579
16.12000 7.25973 1.95579
16.12000 0.57968 1.95579
16.12000 1.17650 1.95579
16.12000 1.68818 1.95579
16.12000 2.63750 1.95579
16.12000 2.39042 1.95579
16.12000 0.82203 1.95579
16.12000 1.08527 1.95579
16.12000 0.82637 1.95579
16.12000 1.55583 1.95579
16.12000 1.39536 1.95579
16.12000 0.92599 1.95579
16.12000 0.64631 1.95579
16.12000 0.93193 1.95579
16.12000 3.80258 1.95579
16.12000 0.89011 1.95579
16.12000 3.00229 1.95579
39.26000 3.40876 4.37427
39.89000 4.05417 4.37427
38.45000 7.23620 4.37427
15.71000 0.82954 1.95579
14.78000 0.51270 1.46860
14.76000 0.35779 1.46860
32.40000 2.59344 3.89289
9.80000 0.21521 0.98025
