33.80000 2.86537 3.89289
6.60000 4.40716 0.98025
34.60000 1.98629 3.89289
33.30000 3.67594 3.89289
6.80000 0.78240 0.98025
33.10000 5.39002 3.89289
34.60000 2.34844 3.89289
34.50000 2.48577 3.89289
34.60000 3.02931 3.89289
36.00000 4.46836 3.89289
26.00000 3.53419 2.92666
9.90000 0.39024 0.98025
23.60000 2.52268 2.92666
16.00000 1.17658 1.95579
25.50000 1.79575 2.92666
25.50000 1.76784 2.92666
9.00000 0.10768 0.98025
17.60000 0.62127 1.95579
16.50000 1.54310 1.95579
8.60000 0.33898 0.98025
16.70000 1.51218 1.95579
16.70000 0.14374 1.95579
16.70000 2.16864 1.95579
16.70000 1.21572 1.95579
16.60000 0.80491 1.95579
30.90000 7.20406 3.41036
31.00000 4.62406 3.41036
31.90000 1.64468 3.89289
16.60000 1.60899 1.95579
16.80000 2.31694 1.95579
21.20000 2.96837 2.44181
23.10000 1.49338 2.44181
23.00000 1.94842 2.44181
33.40000 0.64771 3.89289
13.30000 1.84667 1.46860
19.50000 0.69061 2.44181
19.70000 1.01834 2.44181
21.10000 2.81231 2.44181
39.20000 1.04090 4.37427
16.50000 0.33732 1.95579
10.00000 0.50534 0.98025
39.37000 3.19037 4.37427
33.17000 14.63199 3.89289
37.90000 4.00837 4.37427
38.25000 3.01302 4.37427
38.09000 3.25153 4.37427
31.63000 1.38012 3.41036
38.70000 2.96858 4.37427
16.12000 2.87714 1.95579
16.12000 6.45182 1.95579
16.12000 1.16928 1.95579
15.97000 0.61811 1.95579
15.86000 0.47506 1.95579
16.12000 0.83976 1.95579
16.12000 0.94487 1.95579
16.12000 0.97112 1.95579
15.84000 1.39022 1.95579
15.88000 1.25079 1.95579
15.60000 2.52756 1.95579
14.91000 1.04170 1.95579
14.45000 1.26140 1.46860
14.37000 0.98081 1.46860
21.70000 0.94684 2.44181
16.50000 0.86848 1.95579
23.80000 1.49317 2.92666
23.10000 4.74757 2.44181
24.30000 3.47886 2.92666
12.70000 1.08913 1.46860
